#reader(lib"read.ss""wxme")WXME0108 ## 
#|
   This file uses the GRacket editor format.
   Open this file in DrRacket version 6.12 or later to read it.

   Most likely, it was created by saving a program in DrRacket,
   and it probably contains a program with non-text elements
   (such as images or comment boxes).

            http://racket-lang.org/
|#
 33 7 #"wxtext\0"
3 1 6 #"wxtab\0"
1 1 8 #"wximage\0"
2 0 8 #"wxmedia\0"
4 1 34 #"(lib \"syntax-browser.ss\" \"mrlib\")\0"
1 0 36 #"(lib \"cache-image-snip.ss\" \"mrlib\")\0"
1 0 68
(
 #"((lib \"image-core.ss\" \"mrlib\") (lib \"image-core-wxme.rkt\" \"mr"
 #"lib\"))\0"
) 1 0 16 #"drscheme:number\0"
3 0 44 #"(lib \"number-snip.ss\" \"drscheme\" \"private\")\0"
1 0 36 #"(lib \"comment-snip.ss\" \"framework\")\0"
1 0 93
(
 #"((lib \"collapsed-snipclass.ss\" \"framework\") (lib \"collapsed-sni"
 #"pclass-wxme.ss\" \"framework\"))\0"
) 0 0 43 #"(lib \"collapsed-snipclass.ss\" \"framework\")\0"
0 0 19 #"drscheme:sexp-snip\0"
0 0 29 #"drscheme:bindings-snipclass%\0"
1 0 101
(
 #"((lib \"ellipsis-snip.rkt\" \"drracket\" \"private\") (lib \"ellipsi"
 #"s-snip-wxme.rkt\" \"drracket\" \"private\"))\0"
) 2 0 88
(
 #"((lib \"pict-snip.rkt\" \"drracket\" \"private\") (lib \"pict-snip.r"
 #"kt\" \"drracket\" \"private\"))\0"
) 0 0 55
#"((lib \"snip.rkt\" \"pict\") (lib \"snip-wxme.rkt\" \"pict\"))\0"
1 0 34 #"(lib \"bullet-snip.rkt\" \"browser\")\0"
0 0 25 #"(lib \"matrix.ss\" \"htdp\")\0"
1 0 22 #"drscheme:lambda-snip%\0"
1 0 29 #"drclickable-string-snipclass\0"
0 0 26 #"drracket:spacer-snipclass\0"
0 0 57
#"(lib \"hrule-snip.rkt\" \"macro-debugger\" \"syntax-browser\")\0"
1 0 26 #"drscheme:pict-value-snip%\0"
0 0 45 #"(lib \"image-snipr.ss\" \"slideshow\" \"private\")\0"
1 0 38 #"(lib \"pict-snipclass.ss\" \"slideshow\")\0"
2 0 55 #"(lib \"vertical-separator-snip.ss\" \"stepper\" \"private\")\0"
1 0 18 #"drscheme:xml-snip\0"
1 0 31 #"(lib \"xml-snipclass.ss\" \"xml\")\0"
1 0 21 #"drscheme:scheme-snip\0"
2 0 34 #"(lib \"scheme-snipclass.ss\" \"xml\")\0"
1 0 10 #"text-box%\0"
1 0 32 #"(lib \"text-snipclass.ss\" \"xml\")\0"
1 0 1 6 #"wxloc\0"
          0 0 56 0 1 #"\0"
0 75 1 #"\0"
0 12 90 -1 90 -1 3 -1 0 1 0 1 0 0 0 0 0 0 0 0 0 0 0 255 255 255 1 -1 0 9
#"Standard\0"
0 75 10 #"Monospace\0"
0 12 90 -1 90 -1 3 -1 0 1 0 1 0 0 0 0 0 0 0 0 0 0 0 255 255 255 1 -1 2 1
#"\0"
0 -1 1 #"\0"
1 0 -1 -1 -1 -1 -1 -1 0 0 0 0 0 0 1 1 1 1 1 1 0 0 0 0 0 0 -1 -1 2 24
#"framework:default-color\0"
0 -1 1 #"\0"
1 0 -1 -1 -1 -1 -1 -1 0 0 0 0 0 0 0 0 0 1 1 1 0 0 0 0 0 0 -1 -1 2 1
#"\0"
0 -1 1 #"\0"
1 0 -1 -1 -1 -1 -1 -1 0 0 0 0 0 0 0 0 0 1 1 1 150 0 150 0 0 0 -1 -1 2 15
#"text:ports out\0"
0 -1 1 #"\0"
1 0 -1 -1 -1 93 -1 -1 0 1 0 0 0 0 0 0 0 1 1 1 150 0 150 0 0 0 -1 -1 2 1
#"\0"
0 -1 1 #"\0"
1.0 0 -1 -1 93 -1 -1 -1 0 0 0 0 0 0 0 0 0 1.0 1.0 1.0 255 0 0 0 0 0 -1
-1 2 15 #"text:ports err\0"
0 -1 1 #"\0"
1 0 -1 -1 93 -1 -1 -1 0 1 0 0 0 0 0 0 0 1 1 1 255 0 0 0 0 0 -1 -1 2 1
#"\0"
0 -1 1 #"\0"
1 0 -1 -1 -1 -1 -1 -1 0 0 0 0 0 0 0 0 0 1 1 1 0 0 175 0 0 0 -1 -1 2 17
#"text:ports value\0"
0 -1 1 #"\0"
1 0 -1 -1 -1 93 -1 -1 0 1 0 0 0 0 0 0 0 1 1 1 0 0 175 0 0 0 -1 -1 2 1
#"\0"
0 -1 1 #"\0"
1.0 0 92 -1 -1 -1 -1 -1 0 0 0 0 0 0 0 0 0 1.0 1.0 1.0 34 139 34 0 0 0 -1
-1 2 27 #"Matching Parenthesis Style\0"
0 -1 1 #"\0"
1.0 0 92 -1 -1 -1 -1 -1 0 0 0 0 0 0 0 0 0 1.0 1.0 1.0 34 139 34 0 0 0 -1
-1 2 1 #"\0"
0 -1 1 #"\0"
1 0 -1 -1 -1 93 -1 -1 0 1 0 0 0 0 0 0 0 1 1 1 38 38 128 0 0 0 -1 -1 2 37
#"framework:syntax-color:scheme:symbol\0"
0 -1 1 #"\0"
1 0 -1 -1 -1 93 -1 -1 0 1 0 0 0 0 0 0 0 1 1 1 38 38 128 0 0 0 -1 -1 2 38
#"framework:syntax-color:scheme:keyword\0"
0 -1 1 #"\0"
1 0 -1 -1 -1 93 -1 -1 0 1 0 0 0 0 0 0 0 1 1 1 38 38 128 0 0 0 -1 -1 2 1
#"\0"
0 -1 1 #"\0"
1 0 -1 -1 -1 93 -1 -1 0 1 0 0 0 0 0 0 0 1 1 1 194 116 31 0 0 0 -1 -1 2
38 #"framework:syntax-color:scheme:comment\0"
0 -1 1 #"\0"
1 0 -1 -1 -1 93 -1 -1 0 1 0 0 0 0 0 0 0 1 1 1 194 116 31 0 0 0 -1 -1 2 1
#"\0"
0 -1 1 #"\0"
1 0 -1 -1 -1 93 -1 -1 0 1 0 0 0 0 0 0 0 1 1 1 41 128 38 0 0 0 -1 -1 2 37
#"framework:syntax-color:scheme:string\0"
0 -1 1 #"\0"
1 0 -1 -1 -1 93 -1 -1 0 1 0 0 0 0 0 0 0 1 1 1 41 128 38 0 0 0 -1 -1 2 35
#"framework:syntax-color:scheme:text\0"
0 -1 1 #"\0"
1 0 -1 -1 -1 93 -1 -1 0 1 0 0 0 0 0 0 0 1 1 1 41 128 38 0 0 0 -1 -1 2 39
#"framework:syntax-color:scheme:constant\0"
0 -1 1 #"\0"
1 0 -1 -1 -1 93 -1 -1 0 1 0 0 0 0 0 0 0 1 1 1 41 128 38 0 0 0 -1 -1 2 1
#"\0"
0 -1 1 #"\0"
1 0 -1 -1 -1 93 -1 -1 0 1 0 0 0 0 0 0 0 1 1 1 132 60 36 0 0 0 -1 -1 2 49
#"framework:syntax-color:scheme:hash-colon-keyword\0"
0 -1 1 #"\0"
1 0 -1 -1 -1 93 -1 -1 0 1 0 0 0 0 0 0 0 1 1 1 132 60 36 0 0 0 -1 -1 2 42
#"framework:syntax-color:scheme:parenthesis\0"
0 -1 1 #"\0"
1 0 -1 -1 -1 93 -1 -1 0 1 0 0 0 0 0 0 0 1 1 1 132 60 36 0 0 0 -1 -1 2 1
#"\0"
0 -1 1 #"\0"
1 0 -1 -1 -1 93 -1 -1 0 1 0 0 0 0 0 0 0 1 1 1 255 0 0 0 0 0 -1 -1 2 36
#"framework:syntax-color:scheme:error\0"
0 -1 1 #"\0"
1 0 -1 -1 -1 93 -1 -1 0 1 0 0 0 0 0 0 0 1 1 1 255 0 0 0 0 0 -1 -1 2 1
#"\0"
0 -1 1 #"\0"
1 0 -1 -1 -1 93 -1 -1 0 1 0 0 0 0 0 0 0 1 1 1 0 0 0 0 0 0 -1 -1 2 36
#"framework:syntax-color:scheme:other\0"
0 -1 1 #"\0"
1 0 -1 -1 -1 93 -1 -1 0 1 0 0 0 0 0 0 0 1 1 1 0 0 0 0 0 0 -1 -1 2 16
#"Misspelled Text\0"
0 -1 1 #"\0"
1 0 -1 -1 -1 -1 -1 -1 0 0 0 0 0 0 0 0 0 1 1 1 0 0 0 0 0 0 -1 -1 2 1
#"\0"
0 -1 1 #"\0"
1 0 -1 -1 -1 93 -1 -1 0 1 0 0 0 0 0 0 0 1 1 1 81 112 203 0 0 0 -1 -1 2
38 #"drracket:check-syntax:lexically-bound\0"
0 -1 1 #"\0"
1 0 -1 -1 -1 93 -1 -1 0 1 0 0 0 0 0 0 0 1 1 1 81 112 203 0 0 0 -1 -1 2 1
#"\0"
0 -1 1 #"\0"
1 0 -1 -1 -1 93 -1 -1 0 1 0 0 0 0 0 0 0 1 1 1 178 34 34 0 0 0 -1 -1 2 28
#"drracket:check-syntax:set!d\0"
0 -1 1 #"\0"
1 0 -1 -1 -1 93 -1 -1 0 1 0 0 0 0 0 0 0 1 1 1 178 34 34 0 0 0 -1 -1 2 37
#"drracket:check-syntax:unused-require\0"
0 -1 1 #"\0"
1 0 -1 -1 -1 93 -1 -1 0 1 0 0 0 0 0 0 0 1 1 1 255 0 0 0 0 0 -1 -1 2 36
#"drracket:check-syntax:free-variable\0"
0 -1 1 #"\0"
1 0 -1 -1 -1 93 -1 -1 0 1 0 0 0 0 0 0 0 1 1 1 255 0 0 0 0 0 -1 -1 2 1
#"\0"
0 -1 1 #"\0"
1 0 -1 -1 -1 93 -1 -1 0 1 0 0 0 0 0 0 0 1 1 1 68 0 203 0 0 0 -1 -1 2 31
#"drracket:check-syntax:imported\0"
0 -1 1 #"\0"
1 0 -1 -1 -1 93 -1 -1 0 1 0 0 0 0 0 0 0 1 1 1 68 0 203 0 0 0 -1 -1 2 47
#"drracket:check-syntax:my-obligation-style-pref\0"
0 -1 1 #"\0"
1 0 -1 -1 -1 93 -1 -1 0 1 0 0 0 0 0 0 0 1 1 1 178 34 34 0 0 0 -1 -1 2 1
#"\0"
0 -1 1 #"\0"
1 0 -1 -1 -1 93 -1 -1 0 1 0 0 0 0 0 0 0 1 1 1 0 116 0 0 0 0 -1 -1 2 50
#"drracket:check-syntax:their-obligation-style-pref\0"
0 -1 1 #"\0"
1 0 -1 -1 -1 93 -1 -1 0 1 0 0 0 0 0 0 0 1 1 1 0 116 0 0 0 0 -1 -1 2 48
#"drracket:check-syntax:unk-obligation-style-pref\0"
0 -1 1 #"\0"
1 0 -1 -1 -1 93 -1 -1 0 1 0 0 0 0 0 0 0 1 1 1 0 0 0 0 0 0 -1 -1 2 1
#"\0"
0 -1 1 #"\0"
1 0 -1 -1 -1 93 -1 -1 0 1 0 0 0 0 0 0 0 1 1 1 139 142 28 0 0 0 -1 -1 2
49 #"drracket:check-syntax:both-obligation-style-pref\0"
0 -1 1 #"\0"
1 0 -1 -1 -1 93 -1 -1 0 1 0 0 0 0 0 0 0 1 1 1 139 142 28 0 0 0 -1 -1 2
26 #"plt:htdp:test-coverage-on\0"
0 -1 1 #"\0"
1 0 -1 -1 -1 93 -1 -1 0 1 0 0 0 0 0 0 0 1 1 1 0 0 0 0 0 0 -1 -1 2 1
#"\0"
0 -1 1 #"\0"
1 0 -1 -1 -1 93 -1 -1 0 1 0 0 0 1 0 0 0 0 0 0 255 165 0 0 0 0 -1 -1 2 27
#"plt:htdp:test-coverage-off\0"
0 -1 1 #"\0"
1 0 -1 -1 -1 93 -1 -1 0 1 0 0 0 1 0 0 0 0 0 0 255 165 0 0 0 0 -1 -1 4 1
#"\0"
0 70 1 #"\0"
1.0 0 -1 -1 -1 -1 -1 -1 0 0 0 0 0 0 1.0 1.0 1.0 1.0 1.0 1.0 0 0 0 0 0 0
-1 -1 4 4 #"XML\0"
0 70 1 #"\0"
1.0 0 -1 -1 -1 -1 -1 -1 0 0 0 0 0 0 1.0 1.0 1.0 1.0 1.0 1.0 0 0 0 0 0 0
-1 -1 2 37 #"plt:module-language:test-coverage-on\0"
0 -1 1 #"\0"
1 0 -1 -1 -1 93 -1 -1 0 1 0 0 0 0 0 0 0 1 1 1 0 0 0 0 0 0 -1 -1 2 38
#"plt:module-language:test-coverage-off\0"
0 -1 1 #"\0"
1 0 -1 -1 -1 93 -1 -1 0 1 0 0 0 1 0 0 0 0 0 0 255 165 0 0 0 0 -1 -1 4 1
#"\0"
0 71 1 #"\0"
1.0 0 -1 -1 -1 -1 -1 -1 0 0 0 0 0 0 1.0 1.0 1.0 1.0 1.0 1.0 0 0 0 0 0 0
-1 -1 4 1 #"\0"
0 -1 1 #"\0"
1.0 0 -1 -1 -1 -1 -1 -1 1 0 0 0 0 0 0 0 0 1.0 1.0 1.0 0 0 255 0 0 0 -1
-1 4 1 #"\0"
0 71 1 #"\0"
1.0 0 -1 -1 -1 -1 -1 -1 1 0 0 0 0 0 0 0 0 1.0 1.0 1.0 0 0 255 0 0 0 -1
-1 4 1 #"\0"
0 71 1 #"\0"
1.0 0 -1 -1 -1 -1 -1 -1 0 0 0 0 0 0 0 0 0 1.0 1.0 1.0 0 100 0 0 0 0 -1
-1 2 1 #"\0"
0 -1 1 #"\0"
1 0 -1 -1 -1 -1 -1 -1 0 0 0 0 0 0 0 0 0 1 1 1 200 0 0 0 0 0 -1 -1
          0 2169 0 28 3 12 #"#lang racket"
0 0 24 29 1 #"\n"
0 0 17 3 25 #";Conectar con motor mysql"
0 0 24 29 1 #"\n"
0 0 24 29 1 #"\n"
0 0 24 3 1 #"("
0 0 15 3 7 #"require"
0 0 24 3 1 #" "
0 0 14 3 2 #"db"
0 0 24 3 2 #" )"
0 0 24 29 1 #"\n"
0 0 24 3 1 #"("
0 0 15 3 7 #"require"
0 0 24 3 1 #" "
0 0 14 3 15 #"racket/gui/base"
0 0 24 3 1 #")"
0 0 24 29 1 #"\n"
0 0 24 29 1 #"\n"
0 0 24 3 1 #"("
0 0 15 3 6 #"define"
0 0 24 3 1 #" "
0 0 14 3 5 #"mysql"
0 0 24 3 2 #" ("
0 0 14 3 13 #"mysql-connect"
0 0 24 3 1 #" "
0 0 23 3 6 #"#:user"
0 0 24 3 1 #" "
0 0 19 3 6 #"\"root\""
0 0 24 29 1 #"\n"
0 0 24 3 29 #"                             "
0 0 23 3 10 #"#:database"
0 0 24 3 1 #" "
0 0 19 3 14 #"\"Vacunaciones\""
0 0 24 29 1 #"\n"
0 0 24 3 29 #"                             "
0 0 23 3 10 #"#:password"
0 0 24 3 1 #" "
0 0 19 3 7 #"\"mysql\""
0 0 24 3 2 #"))"
0 0 24 29 1 #"\n"
0 0 24 29 1 #"\n"
0 0 24 29 1 #"\n"
0 0 17 3 70
(
 #";..................................................................."
 #".."
) 0 0 24 29 1 #"\n"
0 0 17 3 27 #";Registrar un nuevo infante"
0 0 24 29 1 #"\n"
0 0 24 3 1 #"("
0 0 15 3 6 #"define"
0 0 24 3 2 #" ("
0 0 14 3 17 #"registrar_infante"
0 0 24 3 1 #" "
0 0 14 3 8 #"registro"
0 0 24 3 1 #" "
0 0 14 3 6 #"nombre"
0 0 24 3 1 #" "
0 0 14 3 8 #"apellido"
0 0 24 3 1 #" "
0 0 14 3 6 #"genero"
0 0 24 3 1 #" "
0 0 14 3 4 #"papa"
0 0 24 3 1 #" "
0 0 14 3 4 #"mama"
0 0 24 3 1 #" "
0 0 14 3 9 #"direccion"
0 0 24 29 1 #"\n"
0 0 24 3 27 #"                           "
0 0 14 3 16 #"fecha_nacimiento"
0 0 24 3 1 #" "
0 0 14 3 14 #"fecha_registro"
0 0 24 3 1 #" "
0 0 14 3 11 #"numTelefono"
0 0 24 3 1 #" "
0 0 14 3 9 #"poblacion"
0 0 24 3 2 #" )"
0 0 24 29 1 #"\n"
0 0 24 3 3 #"  ("
0 0 14 3 2 #"if"
0 0 24 3 1 #"("
0 0 14 3 3 #"not"
0 0 24 3 2 #" ("
0 0 14 3 5 #"null?"
0 0 24 3 2 #" ("
0 0 14 3 14 #"buscar_infante"
0 0 24 3 1 #" "
0 0 14 3 8 #"registro"
0 0 24 3 3 #")))"
0 0 24 29 1 #"\n"
0 0 24 3 5 #"     "
0 0 19 3 1 #"\""
0 0 19 3 2 #"El"
0 0 19 3 1 #" "
0 0 19 3 7 #"infante"
0 0 19 3 1 #" "
0 0 19 3 2 #"ya"
0 0 19 3 1 #" "
0 0 19 3 2 #"se"
0 0 19 3 1 #" "
0 0 19 3 9 #"encuentra"
0 0 19 3 1 #" "
0 0 19 3 10 #"registrado"
0 0 19 3 1 #" "
0 0 19 3 1 #"y"
0 0 19 3 1 #" "
0 0 19 3 5 #"tiene"
0 0 19 3 1 #" "
0 0 19 3 2 #"un"
0 0 19 3 12 #" calendario\""
0 0 24 29 1 #"\n"
0 0 24 3 6 #"     ("
0 0 15 3 5 #"begin"
0 0 24 3 2 #"  "
0 0 24 29 1 #"\n"
0 0 24 3 8 #"       ("
0 0 14 3 5 #"query"
0 0 24 3 1 #" "
0 0 14 3 5 #"mysql"
0 0 24 3 2 #" ("
0 0 14 3 23 #"armar_insercion_infante"
0 0 24 3 1 #" "
0 0 14 3 8 #"registro"
0 0 24 3 1 #" "
0 0 14 3 6 #"nombre"
0 0 24 3 1 #" "
0 0 14 3 8 #"apellido"
0 0 24 3 1 #" "
0 0 14 3 6 #"genero"
0 0 24 3 1 #" "
0 0 14 3 9 #"direccion"
0 0 24 3 1 #" "
0 0 14 3 16 #"fecha_nacimiento"
0 0 24 29 1 #"\n"
0 0 24 3 8 #"       ("
0 0 14 3 18 #"asignar_calendario"
0 0 24 3 1 #" "
0 0 21 3 1 #"0"
0 0 24 3 1 #" "
0 0 14 3 8 #"registro"
0 0 24 3 2 #" ("
0 0 14 3 17 #"todas_las_vacunas"
0 0 24 3 2 #") "
0 0 14 3 16 #"fecha_nacimiento"
0 0 24 3 2 #") "
0 0 24 29 1 #"\n"
0 0 24 3 8 #"     )))"
0 0 24 29 1 #"\n"
0 0 24 29 1 #"\n"
0 0 24 29 1 #"\n"
0 0 24 3 1 #"("
0 0 15 3 6 #"define"
0 0 24 3 2 #" ("
0 0 14 3 14 #"buscar_infante"
0 0 24 3 1 #" "
0 0 14 3 7 #"infante"
0 0 24 3 3 #" )("
0 0 14 3 10 #"query-list"
0 0 24 3 1 #" "
0 0 14 3 5 #"mysql"
0 0 24 3 2 #" ("
0 0 14 3 13 #"string-append"
0 0 24 3 1 #" "
0 0 19 3 54 #"\"select num_regcivil from infante where num_regcivil=\""
0 0 24 29 1 #"\n"
0 0 24 3 67
#"                                                                  ("
0 0 14 3 14 #"number->string"
0 0 24 3 1 #" "
0 0 14 3 7 #"infante"
0 0 24 3 4 #"))))"
0 0 24 29 1 #"\n"
0 0 24 3 1 #"("
0 0 15 3 6 #"define"
0 0 24 3 2 #" ("
0 0 14 3 23 #"armar_insercion_infante"
0 0 24 3 1 #" "
0 0 14 3 1 #"r"
0 0 24 3 1 #" "
0 0 14 3 1 #"n"
0 0 24 3 1 #" "
0 0 14 3 1 #"a"
0 0 24 3 1 #" "
0 0 14 3 1 #"g"
0 0 24 3 1 #" "
0 0 14 3 1 #"d"
0 0 24 3 1 #" "
0 0 14 3 2 #"f1"
0 0 24 3 1 #" "
0 0 14 3 2 #"f2"
0 0 24 3 1 #" "
0 0 14 3 2 #"pa"
0 0 24 3 1 #" "
0 0 14 3 2 #"ma"
0 0 24 3 1 #" "
0 0 14 3 3 #"tel"
0 0 24 3 1 #" "
0 0 14 3 4 #"pobl"
0 0 24 3 1 #")"
0 0 24 29 1 #"\n"
0 0 24 3 3 #"  ("
0 0 14 3 13 #"string-append"
0 0 24 3 1 #" "
0 0 19 3 30 #"\"insert into infante values (\""
0 0 24 3 1 #"("
0 0 14 3 14 #"number->string"
0 0 24 3 1 #" "
0 0 14 3 1 #"r"
0 0 24 3 1 #")"
0 0 19 3 3 #"\",\""
0 0 14 3 1 #"n"
0 0 19 3 3 #"\",\""
0 0 14 3 1 #"a"
0 0 19 3 3 #"\",\""
0 0 24 3 1 #" "
0 0 14 3 1 #"g"
0 0 19 3 3 #"\",\""
0 0 14 3 1 #"d"
0 0 19 3 3 #"\",\""
0 0 14 3 2 #"f1"
0 0 19 3 3 #"\",\""
0 0 14 3 2 #"f2"
0 0 19 3 3 #"\",\""
0 0 14 3 2 #"pa"
0 0 19 3 3 #"\",\""
0 0 14 3 2 #"ma"
0 0 19 3 3 #"\",\""
0 0 14 3 3 #"tel"
0 0 19 3 3 #"\",\""
0 0 14 3 4 #"pobl"
0 0 19 3 3 #"\")\""
0 0 24 3 2 #"))"
0 0 24 29 1 #"\n"
0 0 24 29 1 #"\n"
0 0 17 3 103
(
 #";..................................................................."
 #"..................................."
) 0 0 24 29 1 #"\n"
0 0 17 3 76
(
 #";..................................................................."
 #"........"
) 0 0 24 29 1 #"\n"
0 0 17 3 50 #";................................................."
0 0 24 29 1 #"\n"
0 0 24 29 1 #"\n"
0 0 24 29 1 #"\n"
0 0 24 29 1 #"\n"
0 0 17 3 48 #";..............................................."
0 0 24 29 1 #"\n"
0 0 17 3 44 #";Implementacion del calendario de vacunacion"
0 0 24 29 1 #"\n"
0 0 17 3 78
(
 #";el calendario es implementado inmediatamante despues del registro d"
 #"el infante"
) 0 0 24 29 1 #"\n"
0 0 24 29 1 #"\n"
0 0 17 3 112
(
 #";Obtenemos todas las vacunas que estan en el plan de vacunacion del "
 #"estado para un infante de no mayor a 5 a\303\261os"
) 0 0 24 29 1 #"\n"
0 0 24 29 1 #"\n"
0 0 24 29 1 #"\n"
0 0 17 3 40 #";---------------------------------------"
0 0 24 29 1 #"\n"
0 0 17 3 39 #";--------------------------------------"
0 0 24 29 1 #"\n"
0 0 17 3 37 #";------------------------------------"
0 0 24 29 1 #"\n"
0 0 17 3 20 #";vacunas sin aplicar"
0 0 24 29 1 #"\n"
0 0 24 3 1 #"("
0 0 15 3 6 #"define"
0 0 24 3 1 #"("
0 0 14 3 11 #"sin_aplicar"
0 0 24 3 1 #" "
0 0 14 3 7 #"infante"
0 0 24 3 1 #")"
0 0 24 29 1 #"\n"
0 0 24 3 3 #"  ("
0 0 14 3 10 #"query-rows"
0 0 24 3 1 #" "
0 0 14 3 5 #"mysql"
0 0 24 3 2 #" ("
0 0 14 3 13 #"string-append"
0 0 24 3 1 #" "
0 0 19 3 1 #"\""
0 0 19 3 6 #"select"
0 0 19 3 1 #" "
0 0 19 3 6 #"vac_id"
0 0 19 3 1 #" "
0 0 19 3 4 #"from"
0 0 19 3 1 #" "
0 0 19 3 10 #"calendario"
0 0 19 3 1 #" "
0 0 19 3 5 #"where"
0 0 19 3 1 #" "
0 0 19 3 10 #"aplicada=0"
0 0 19 3 1 #" "
0 0 19 3 3 #"and"
0 0 19 3 14 #" num_regcivil="
0 0 19 3 1 #"\""
0 0 24 3 2 #" ("
0 0 14 3 14 #"number->string"
0 0 24 3 1 #" "
0 0 14 3 7 #"infante"
0 0 24 3 4 #"))))"
0 0 24 29 1 #"\n"
0 0 24 29 1 #"\n"
0 0 17 3 68
#";Ahora se gurda las vacunas que no han sido aplicada para el infante"
0 0 24 29 1 #"\n"
0 0 24 3 1 #"("
0 0 15 3 6 #"define"
0 0 24 3 1 #" "
0 0 14 3 19 #"vacunas_sin_aplicar"
0 0 24 3 2 #" ("
0 0 14 3 11 #"sin_aplicar"
0 0 24 3 1 #" "
0 0 21 3 1 #"1"
0 0 24 3 2 #"))"
0 0 24 29 1 #"\n"
0 0 17 3 59
#"; se crear una funcion recursiva para realizar la insercion"
0 0 24 29 1 #"\n"
0 0 24 3 1 #"("
0 0 15 3 6 #"define"
0 0 24 3 2 #" ("
0 0 14 3 15 #"insertar_fechas"
0 0 24 3 1 #" "
0 0 14 3 5 #"lista"
0 0 24 3 1 #" "
0 0 14 3 7 #"infante"
0 0 24 3 1 #" "
0 0 14 3 5 #"fecha"
0 0 24 3 1 #")"
0 0 24 29 1 #"\n"
0 0 24 3 3 #"  ("
0 0 14 3 2 #"if"
0 0 24 3 1 #"("
0 0 14 3 5 #"null?"
0 0 24 3 1 #" "
0 0 14 3 5 #"lista"
0 0 24 3 1 #")"
0 0 24 29 1 #"\n"
0 0 24 3 5 #"     "
0 0 19 3 8 #"\"Termino"
0 0 19 3 1 #"\""
0 0 24 29 1 #"\n"
0 0 24 3 6 #"     ("
0 0 14 3 5 #"query"
0 0 24 3 1 #" "
0 0 14 3 5 #"mysql"
0 0 24 3 1 #" "
0 0 19 3 1 #"\""
0 0 19 3 6 #"insert"
0 0 19 3 2 #" ("
0 0 19 3 6 #"fecha_"
0 0 19 3 2 #") "
0 0 19 3 4 #"into"
0 0 19 3 1 #" "
0 0 19 3 10 #"calendario"
0 0 19 3 7 #" values"
0 0 19 3 1 #"\""
0 0 24 3 1 #")"
0 0 24 29 1 #"\n"
0 0 24 3 5 #"   ))"
0 0 24 29 1 #"\n"
0 0 17 3 16 #";obtener vacunas"
0 0 24 29 1 #"\n"
0 0 24 3 1 #"("
0 0 15 3 6 #"define"
0 0 24 3 1 #"("
0 0 14 3 17 #"todas_las_vacunas"
0 0 24 3 1 #")"
0 0 24 29 1 #"\n"
0 0 24 3 3 #"  ("
0 0 14 3 10 #"query-list"
0 0 24 3 1 #" "
0 0 14 3 5 #"mysql"
0 0 24 3 1 #" "
0 0 19 3 1 #"\""
0 0 19 3 6 #"Select"
0 0 19 3 1 #" "
0 0 19 3 6 #"vac_id"
0 0 19 3 1 #" "
0 0 19 3 4 #"from"
0 0 19 3 7 #" vacuna"
0 0 19 3 1 #"\""
0 0 24 29 1 #"\n"
0 0 24 3 5 #"   ))"
0 0 24 29 1 #"\n"
0 0 24 29 1 #"\n"
0 0 24 29 1 #"\n"
0 0 17 3 43 #";Implementacion de aplicacion de una vacuan"
0 0 24 29 1 #"\n"
0 0 24 3 1 #"("
0 0 15 3 6 #"define"
0 0 24 3 2 #" ("
0 0 14 3 11 #"buscar_edad"
0 0 24 3 1 #" "
0 0 14 3 6 #"vacuna"
0 0 24 3 1 #")"
0 0 24 29 1 #"\n"
0 0 24 3 3 #"  ("
0 0 14 3 10 #"query-list"
0 0 24 3 1 #" "
0 0 14 3 5 #"mysql"
0 0 24 3 2 #" ("
0 0 14 3 13 #"string-append"
0 0 24 3 1 #" "
0 0 19 3 1 #"\""
0 0 19 3 6 #"select"
0 0 19 3 1 #" "
0 0 19 3 4 #"edad"
0 0 19 3 1 #" "
0 0 19 3 4 #"from"
0 0 19 3 1 #" "
0 0 19 3 6 #"vacuna"
0 0 19 3 1 #" "
0 0 19 3 5 #"where"
0 0 19 3 8 #" vac_id="
0 0 19 3 1 #"\""
0 0 24 3 2 #" ("
0 0 14 3 14 #"number->string"
0 0 24 3 1 #" "
0 0 14 3 6 #"vacuna"
0 0 24 3 4 #"))))"
0 0 24 29 1 #"\n"
0 0 24 29 1 #"\n"
0 0 24 3 1 #"("
0 0 15 3 6 #"define"
0 0 24 3 2 #" ("
0 0 14 3 12 #"meses_a_dias"
0 0 24 3 1 #" "
0 0 14 3 5 #"meses"
0 0 24 3 1 #")"
0 0 24 29 1 #"\n"
0 0 24 3 3 #"  ("
0 0 14 3 1 #"*"
0 0 24 3 1 #" "
0 0 14 3 5 #"meses"
0 0 24 3 1 #" "
0 0 21 3 2 #"30"
0 0 24 3 2 #"))"
0 0 24 29 1 #"\n"
0 0 24 29 1 #"\n"
0 0 17 3 73
(
 #";;;aqui la logica de asignacion de calendario de vacunacion para el "
 #"menor"
) 0 0 24 29 1 #"\n"
0 0 24 3 1 #"("
0 0 15 3 6 #"define"
0 0 24 3 2 #" ("
0 0 14 3 12 #"armar_insert"
0 0 24 3 1 #" "
0 0 14 3 7 #"infante"
0 0 24 3 1 #" "
0 0 14 3 6 #"vacuna"
0 0 24 3 1 #" "
0 0 14 3 5 #"fecha"
0 0 24 3 1 #")"
0 0 24 29 1 #"\n"
0 0 24 3 3 #"  ("
0 0 14 3 13 #"string-append"
0 0 24 3 1 #" "
0 0 19 3 1 #"\""
0 0 19 3 6 #"insert"
0 0 19 3 1 #" "
0 0 19 3 4 #"into"
0 0 19 3 1 #" "
0 0 19 3 10 #"calendario"
0 0 19 3 1 #" "
0 0 19 3 7 #"values("
0 0 19 3 1 #"\""
0 0 24 3 2 #" ("
0 0 14 3 14 #"number->string"
0 0 24 3 1 #" "
0 0 14 3 7 #"infante"
0 0 24 3 2 #") "
0 0 19 3 2 #"\","
0 0 19 3 1 #"\""
0 0 24 3 2 #" ("
0 0 14 3 14 #"number->string"
0 0 24 3 1 #" "
0 0 14 3 6 #"vacuna"
0 0 24 3 2 #") "
0 0 19 3 1 #"\""
0 0 19 3 1 #","
0 0 19 3 8 #"adddate("
0 0 19 3 1 #"\""
0 0 24 3 1 #" "
0 0 14 3 5 #"fecha"
0 0 24 3 1 #" "
0 0 19 3 2 #"\","
0 0 19 3 1 #"\""
0 0 24 29 1 #"\n"
0 0 24 3 18 #"                 ("
0 0 14 3 14 #"number->string"
0 0 24 3 2 #" ("
0 0 14 3 12 #"meses_a_dias"
0 0 24 3 2 #" ("
0 0 14 3 3 #"car"
0 0 24 3 2 #" ("
0 0 14 3 11 #"buscar_edad"
0 0 24 3 1 #" "
0 0 14 3 6 #"vacuna"
0 0 24 3 5 #")))) "
0 0 19 3 1 #"\""
0 0 19 3 1 #")"
0 0 19 3 1 #","
0 0 19 3 4 #"null"
0 0 19 3 1 #","
0 0 19 3 2 #"0)"
0 0 19 3 1 #"\""
0 0 24 3 3 #")) "
0 0 24 29 1 #"\n"
0 0 17 3 71
(
 #";con la parte anteriar queda lista el dml para la insercion en la ta"
 #"bla"
) 0 0 24 29 1 #"\n"
0 0 24 29 1 #"\n"
0 0 24 29 1 #"\n"
0 0 24 3 1 #"("
0 0 15 3 6 #"define"
0 0 24 3 2 #" ("
0 0 14 3 18 #"asignar_calendario"
0 0 24 3 1 #" "
0 0 14 3 5 #"trash"
0 0 24 3 1 #" "
0 0 14 3 7 #"infante"
0 0 24 3 1 #" "
0 0 14 3 7 #"vacunas"
0 0 24 3 1 #" "
0 0 14 3 12 #"fecha_inicio"
0 0 24 3 1 #")"
0 0 24 29 1 #"\n"
0 0 24 3 3 #"  ("
0 0 14 3 2 #"if"
0 0 24 3 2 #" ("
0 0 14 3 5 #"null?"
0 0 24 3 1 #" "
0 0 14 3 7 #"vacunas"
0 0 24 3 1 #")"
0 0 24 29 1 #"\n"
0 0 24 3 6 #"      "
0 0 19 3 1 #"\""
0 0 19 3 10 #"calendario"
0 0 19 3 7 #" creado"
0 0 19 3 1 #"\""
0 0 24 29 1 #"\n"
0 0 24 3 7 #"      ("
0 0 14 3 18 #"asignar_calendario"
0 0 24 3 2 #" ("
0 0 14 3 10 #"query-exec"
0 0 24 3 1 #" "
0 0 14 3 5 #"mysql"
0 0 24 3 2 #" ("
0 0 14 3 12 #"armar_insert"
0 0 24 3 1 #" "
0 0 14 3 7 #"infante"
0 0 24 3 2 #" ("
0 0 14 3 3 #"car"
0 0 24 3 1 #" "
0 0 14 3 7 #"vacunas"
0 0 24 3 2 #") "
0 0 14 3 12 #"fecha_inicio"
0 0 24 3 3 #")) "
0 0 14 3 7 #"infante"
0 0 24 3 2 #" ("
0 0 14 3 3 #"cdr"
0 0 24 3 1 #" "
0 0 14 3 7 #"vacunas"
0 0 24 3 2 #") "
0 0 14 3 12 #"fecha_inicio"
0 0 24 3 7 #")))    "
0 0 24 29 1 #"\n"
0 0 24 3 5 #"     "
0 0 24 29 1 #"\n"
0 0 24 3 1 #"("
0 0 15 3 6 #"define"
0 0 24 3 2 #" ("
0 0 14 3 15 #"vacunar_infante"
0 0 24 3 1 #" "
0 0 14 3 7 #"infante"
0 0 24 3 1 #" "
0 0 14 3 6 #"vacuna"
0 0 24 3 1 #" "
0 0 14 3 5 #"fecha"
0 0 24 3 1 #")"
0 0 24 29 1 #"\n"
0 0 24 3 3 #"  ("
0 0 14 3 5 #"query"
0 0 24 3 1 #" "
0 0 14 3 5 #"mysql"
0 0 24 3 2 #" ("
0 0 14 3 13 #"string-append"
0 0 24 3 1 #" "
0 0 19 3 1 #"\""
0 0 19 3 6 #"update"
0 0 19 3 1 #" "
0 0 19 3 10 #"calendario"
0 0 19 3 1 #" "
0 0 19 3 3 #"set"
0 0 19 3 18 #" fecha_vacunacion="
0 0 19 3 1 #"\""
0 0 14 3 5 #"fecha"
0 0 19 3 1 #"\""
0 0 19 3 1 #","
0 0 19 3 13 #"aplicada=true"
0 0 19 3 1 #" "
0 0 19 3 5 #"where"
0 0 19 3 14 #" num_regcivil="
0 0 19 3 1 #"\""
0 0 24 29 1 #"\n"
0 0 24 3 31 #"                              ("
0 0 14 3 14 #"number->string"
0 0 24 3 1 #" "
0 0 14 3 7 #"infante"
0 0 24 3 2 #") "
0 0 19 3 1 #"\""
0 0 19 3 1 #" "
0 0 19 3 3 #"and"
0 0 19 3 8 #" vac_id="
0 0 19 3 1 #"\""
0 0 24 3 2 #" ("
0 0 14 3 14 #"number->string"
0 0 24 3 1 #" "
0 0 14 3 6 #"vacuna"
0 0 24 3 4 #"))))"
0 0 24 29 1 #"\n"
0 0 24 29 1 #"\n"
0 0 24 3 10 #"          "
0 0 24 29 1 #"\n"
0 0 17 3 46 #";(asignar_calendario 0 1 (todas_las_vacunas) \""
0 0 17 3 1 #"'"
0 0 17 3 9 #"2018-1-01"
0 0 17 3 3 #"'\")"
0 0 24 29 1 #"\n"
0 0 17 3 17 #";(meses_a_dias 0)"
0 0 24 29 1 #"\n"
0 0 24 29 1 #"\n"
0 0 24 29 1 #"\n"
0 0 17 3 46 #";------parte de oscar-------------------------"
0 0 24 29 1 #"\n"
0 0 17 3 47 #";______________________________________________"
0 0 24 29 1 #"\n"
0 0 17 3 46 #";_____________________________________________"
0 0 24 29 1 #"\n"
0 0 17 3 46 #";_____________________________________________"
0 0 24 29 1 #"\n"
0 0 17 3 18 #";Ventana principal"
0 0 24 29 1 #"\n"
0 0 24 3 1 #"("
0 0 15 3 6 #"define"
0 0 24 3 1 #" "
0 0 14 3 16 #"principalVentana"
0 0 24 3 2 #" ("
0 0 14 3 3 #"new"
0 0 24 3 1 #" "
0 0 14 3 6 #"frame%"
0 0 24 3 2 #" ["
0 0 14 3 5 #"label"
0 0 24 3 1 #" "
0 0 19 3 1 #"\""
0 0 19 3 7 #"Control"
0 0 19 3 11 #" Vacunacion"
0 0 19 3 1 #"\""
0 0 24 3 3 #"]))"
0 0 24 29 1 #"\n"
0 0 24 3 1 #"("
0 0 15 3 6 #"define"
0 0 24 3 1 #" "
0 0 14 3 6 #"panel1"
0 0 24 3 2 #" ("
0 0 14 3 3 #"new"
0 0 24 3 1 #" "
0 0 14 3 17 #"horizontal-panel%"
0 0 24 3 2 #" ["
0 0 14 3 6 #"parent"
0 0 24 3 1 #" "
0 0 14 3 16 #"principalVentana"
0 0 24 3 1 #"]"
0 0 24 29 1 #"\n"
0 0 24 3 38 #"                                     ["
0 0 14 3 9 #"alignment"
0 0 24 3 1 #" "
0 0 21 3 1 #"'"
0 0 24 3 1 #"("
0 0 14 3 6 #"center"
0 0 24 3 1 #" "
0 0 14 3 6 #"center"
0 0 24 3 4 #")]))"
0 0 24 29 1 #"\n"
0 0 24 29 1 #"\n"
0 0 24 29 1 #"\n"
0 0 24 3 1 #"("
0 0 14 3 3 #"new"
0 0 24 3 1 #" "
0 0 14 3 7 #"button%"
0 0 24 3 2 #" ["
0 0 14 3 6 #"parent"
0 0 24 3 1 #" "
0 0 14 3 6 #"panel1"
0 0 24 3 3 #"] ["
0 0 14 3 5 #"label"
0 0 24 3 1 #" "
0 0 19 3 1 #"\""
0 0 19 3 9 #"Registrar"
0 0 19 3 8 #" Infante"
0 0 19 3 1 #"\""
0 0 24 3 3 #"] ["
0 0 14 3 8 #"callback"
0 0 24 3 2 #" ("
0 0 15 3 6 #"lambda"
0 0 24 3 2 #" ("
0 0 14 3 6 #"button"
0 0 24 3 1 #" "
0 0 14 3 5 #"event"
0 0 24 3 1 #")"
0 0 24 29 1 #"\n"
0 0 24 3 28 #"                           ("
0 0 14 3 4 #"send"
0 0 24 3 1 #" "
0 0 14 3 8 #"RegMenor"
0 0 24 3 1 #" "
0 0 14 3 4 #"show"
0 0 24 3 1 #" "
0 0 21 3 2 #"#t"
0 0 24 3 4 #"))])"
0 0 24 29 1 #"\n"
0 0 24 29 1 #"\n"
0 0 24 3 1 #"("
0 0 14 3 3 #"new"
0 0 24 3 1 #" "
0 0 14 3 7 #"button%"
0 0 24 3 2 #" ["
0 0 14 3 6 #"parent"
0 0 24 3 1 #" "
0 0 14 3 6 #"panel1"
0 0 24 3 3 #"] ["
0 0 14 3 5 #"label"
0 0 24 3 1 #" "
0 0 19 3 1 #"\""
0 0 19 3 9 #"Consultar"
0 0 19 3 1 #" "
0 0 19 3 5 #"datos"
0 0 19 3 6 #" menor"
0 0 19 3 1 #"\""
0 0 24 3 2 #"]["
0 0 14 3 8 #"callback"
0 0 24 3 2 #" ("
0 0 15 3 6 #"lambda"
0 0 24 3 2 #" ("
0 0 14 3 6 #"button"
0 0 24 3 1 #" "
0 0 14 3 5 #"event"
0 0 24 3 1 #")"
0 0 24 29 1 #"\n"
0 0 24 3 27 #"                          ("
0 0 14 3 4 #"send"
0 0 24 3 1 #" "
0 0 14 3 16 #"ventanaInfoMenor"
0 0 24 3 1 #" "
0 0 14 3 4 #"show"
0 0 24 3 1 #" "
0 0 21 3 2 #"#t"
0 0 24 3 4 #"))])"
0 0 24 29 1 #"\n"
0 0 24 3 1 #"("
0 0 14 3 3 #"new"
0 0 24 3 1 #" "
0 0 14 3 7 #"button%"
0 0 24 3 2 #" ["
0 0 14 3 6 #"parent"
0 0 24 3 1 #" "
0 0 14 3 6 #"panel1"
0 0 24 3 3 #"] ["
0 0 14 3 5 #"label"
0 0 24 3 1 #" "
0 0 19 3 1 #"\""
0 0 19 3 5 #"Nuevo"
0 0 19 3 1 #" "
0 0 19 3 8 #"registro"
0 0 19 3 7 #" vacuna"
0 0 19 3 1 #"\""
0 0 24 3 2 #"]["
0 0 14 3 8 #"callback"
0 0 24 3 2 #" ("
0 0 15 3 6 #"lambda"
0 0 24 3 2 #" ("
0 0 14 3 6 #"button"
0 0 24 3 1 #" "
0 0 14 3 5 #"event"
0 0 24 3 1 #")"
0 0 24 29 1 #"\n"
0 0 24 3 28 #"                           ("
0 0 14 3 4 #"send"
0 0 24 3 1 #" "
0 0 14 3 6 #"panel1"
0 0 24 3 1 #" "
0 0 14 3 4 #"show"
0 0 24 3 1 #" "
0 0 21 3 2 #"#t"
0 0 24 3 4 #"))])"
0 0 24 29 1 #"\n"
0 0 24 29 1 #"\n"
0 0 24 29 1 #"\n"
0 0 17 3 29 #";Ventana registro de un menor"
0 0 24 29 1 #"\n"
0 0 24 3 1 #"("
0 0 15 3 6 #"define"
0 0 24 3 1 #" "
0 0 14 3 8 #"RegMenor"
0 0 24 3 2 #" ("
0 0 14 3 3 #"new"
0 0 24 3 1 #" "
0 0 14 3 6 #"frame%"
0 0 24 3 2 #" ["
0 0 14 3 5 #"label"
0 0 24 3 1 #" "
0 0 19 3 1 #"\""
0 0 19 3 8 #"REGISTRO"
0 0 19 3 1 #" "
0 0 19 3 2 #"DE"
0 0 19 3 1 #" "
0 0 19 3 5 #"NUEVO"
0 0 19 3 8 #" INFANTE"
0 0 19 3 1 #"\""
0 0 24 3 3 #"]))"
0 0 24 29 1 #"\n"
0 0 24 3 1 #"("
0 0 15 3 6 #"define"
0 0 24 3 1 #" "
0 0 14 3 6 #"numReg"
0 0 24 3 1 #"("
0 0 14 3 3 #"new"
0 0 24 3 1 #" "
0 0 14 3 11 #"text-field%"
0 0 24 3 2 #" ["
0 0 14 3 6 #"parent"
0 0 24 3 1 #" "
0 0 14 3 8 #"RegMenor"
0 0 24 3 3 #"] ["
0 0 14 3 5 #"label"
0 0 24 3 1 #" "
0 0 19 3 1 #"\""
0 0 19 3 6 #"Numero"
0 0 19 3 1 #" "
0 0 19 3 8 #"registro"
0 0 19 3 6 #" civil"
0 0 19 3 1 #"\""
0 0 24 3 3 #"]))"
0 0 24 29 1 #"\n"
0 0 24 3 1 #"("
0 0 15 3 6 #"define"
0 0 24 3 1 #" "
0 0 14 3 6 #"nombre"
0 0 24 3 1 #"("
0 0 14 3 3 #"new"
0 0 24 3 1 #" "
0 0 14 3 11 #"text-field%"
0 0 24 3 2 #" ["
0 0 14 3 6 #"parent"
0 0 24 3 1 #" "
0 0 14 3 8 #"RegMenor"
0 0 24 3 3 #"] ["
0 0 14 3 5 #"label"
0 0 24 3 1 #" "
0 0 19 3 8 #"\"Nombres"
0 0 19 3 1 #"\""
0 0 24 3 3 #"]))"
0 0 24 29 1 #"\n"
0 0 24 3 1 #"("
0 0 15 3 6 #"define"
0 0 24 3 1 #" "
0 0 14 3 8 #"apellido"
0 0 24 3 1 #"("
0 0 14 3 3 #"new"
0 0 24 3 1 #" "
0 0 14 3 11 #"text-field%"
0 0 24 3 2 #" ["
0 0 14 3 6 #"parent"
0 0 24 3 1 #" "
0 0 14 3 8 #"RegMenor"
0 0 24 3 3 #"] ["
0 0 14 3 5 #"label"
0 0 24 3 1 #" "
0 0 19 3 10 #"\"Apellidos"
0 0 19 3 1 #"\""
0 0 24 3 3 #"]))"
0 0 24 29 1 #"\n"
0 0 24 3 1 #"("
0 0 15 3 6 #"define"
0 0 24 3 1 #" "
0 0 14 3 8 #"fechaNac"
0 0 24 3 1 #"("
0 0 14 3 3 #"new"
0 0 24 3 1 #" "
0 0 14 3 11 #"text-field%"
0 0 24 3 2 #" ["
0 0 14 3 6 #"parent"
0 0 24 3 1 #" "
0 0 14 3 8 #"RegMenor"
0 0 24 3 3 #"] ["
0 0 14 3 5 #"label"
0 0 24 3 1 #" "
0 0 19 3 1 #"\""
0 0 19 3 5 #"Fecha"
0 0 19 3 1 #" "
0 0 19 3 10 #"Nacimiento"
0 0 19 3 1 #"("
0 0 19 3 11 #"YYYY-MM-DD)"
0 0 19 3 1 #"\""
0 0 24 3 3 #"]))"
0 0 24 29 1 #"\n"
0 0 24 3 1 #"("
0 0 15 3 6 #"define"
0 0 24 3 1 #" "
0 0 14 3 13 #"fechaRegistro"
0 0 24 3 1 #"("
0 0 14 3 3 #"new"
0 0 24 3 1 #" "
0 0 14 3 11 #"text-field%"
0 0 24 3 2 #" ["
0 0 14 3 6 #"parent"
0 0 24 3 1 #" "
0 0 14 3 8 #"RegMenor"
0 0 24 3 3 #"] ["
0 0 14 3 5 #"label"
0 0 24 3 1 #" "
0 0 19 3 1 #"\""
0 0 19 3 5 #"Fecha"
0 0 19 3 1 #" "
0 0 19 3 8 #"Registro"
0 0 19 3 1 #"("
0 0 19 3 11 #"YYYY-MM-DD)"
0 0 19 3 1 #"\""
0 0 24 3 3 #"]))"
0 0 24 29 1 #"\n"
0 0 24 3 1 #"("
0 0 15 3 6 #"define"
0 0 24 3 1 #" "
0 0 14 3 8 #"nombreMa"
0 0 24 3 1 #"("
0 0 14 3 3 #"new"
0 0 24 3 1 #" "
0 0 14 3 11 #"text-field%"
0 0 24 3 2 #" ["
0 0 14 3 6 #"parent"
0 0 24 3 1 #" "
0 0 14 3 8 #"RegMenor"
0 0 24 3 3 #"] ["
0 0 14 3 5 #"label"
0 0 24 3 1 #" "
0 0 19 3 1 #"\""
0 0 19 3 6 #"Nombre"
0 0 19 3 1 #" "
0 0 19 3 2 #"de"
0 0 19 3 1 #" "
0 0 19 3 2 #"la"
0 0 19 3 6 #" madre"
0 0 19 3 1 #"\""
0 0 24 3 3 #"]))"
0 0 24 29 1 #"\n"
0 0 24 3 1 #"("
0 0 15 3 6 #"define"
0 0 24 3 1 #" "
0 0 14 3 8 #"nombrePa"
0 0 24 3 1 #"("
0 0 14 3 3 #"new"
0 0 24 3 1 #" "
0 0 14 3 11 #"text-field%"
0 0 24 3 2 #" ["
0 0 14 3 6 #"parent"
0 0 24 3 1 #" "
0 0 14 3 8 #"RegMenor"
0 0 24 3 3 #"] ["
0 0 14 3 5 #"label"
0 0 24 3 1 #" "
0 0 19 3 1 #"\""
0 0 19 3 6 #"Nombre"
0 0 19 3 1 #" "
0 0 19 3 3 #"del"
0 0 19 3 6 #" padre"
0 0 19 3 1 #"\""
0 0 24 3 3 #"]))"
0 0 24 29 1 #"\n"
0 0 24 3 1 #"("
0 0 15 3 6 #"define"
0 0 24 3 1 #" "
0 0 14 3 8 #"telefono"
0 0 24 3 1 #"("
0 0 14 3 3 #"new"
0 0 24 3 1 #" "
0 0 14 3 11 #"text-field%"
0 0 24 3 2 #" ["
0 0 14 3 6 #"parent"
0 0 24 3 1 #" "
0 0 14 3 8 #"RegMenor"
0 0 24 3 3 #"] ["
0 0 14 3 5 #"label"
0 0 24 3 1 #" "
0 0 19 3 1 #"\""
0 0 19 3 8 #"Telefono"
0 0 19 3 1 #" "
0 0 19 3 2 #"de"
0 0 19 3 9 #" contacto"
0 0 19 3 1 #"\""
0 0 24 3 3 #"]))"
0 0 24 29 1 #"\n"
0 0 24 3 1 #"("
0 0 15 3 6 #"define"
0 0 24 3 1 #" "
0 0 14 3 9 #"direccion"
0 0 24 3 1 #"("
0 0 14 3 3 #"new"
0 0 24 3 1 #" "
0 0 14 3 11 #"text-field%"
0 0 24 3 2 #" ["
0 0 14 3 6 #"parent"
0 0 24 3 1 #" "
0 0 14 3 8 #"RegMenor"
0 0 24 3 3 #"] ["
0 0 14 3 5 #"label"
0 0 24 3 1 #" "
0 0 19 3 10 #"\"Direccion"
0 0 19 3 1 #"\""
0 0 24 3 3 #"]))"
0 0 24 29 1 #"\n"
0 0 24 3 1 #"("
0 0 15 3 6 #"define"
0 0 24 3 1 #" "
0 0 14 3 9 #"poblacion"
0 0 24 3 1 #"("
0 0 14 3 3 #"new"
0 0 24 3 1 #" "
0 0 14 3 12 #"combo-field%"
0 0 24 3 2 #" ["
0 0 14 3 5 #"label"
0 0 24 3 1 #" "
0 0 19 3 1 #"\""
0 0 19 3 9 #"Poblacion"
0 0 19 3 10 #" pertenece"
0 0 19 3 1 #"\""
0 0 24 3 1 #"]"
0 0 24 29 1 #"\n"
0 0 24 3 24 #"                       ["
0 0 14 3 7 #"choices"
0 0 24 3 1 #" "
0 0 21 3 1 #"'"
0 0 24 3 1 #"("
0 0 19 3 9 #"\"Indigena"
0 0 19 3 1 #"\""
0 0 24 3 1 #" "
0 0 19 3 6 #"\"Rural"
0 0 19 3 1 #"\""
0 0 24 3 4 #")] ["
0 0 14 3 6 #"parent"
0 0 24 3 1 #" "
0 0 14 3 8 #"RegMenor"
0 0 24 3 3 #"] ["
0 0 14 3 10 #"init-value"
0 0 24 3 1 #" "
0 0 19 3 6 #"\"Rural"
0 0 19 3 1 #"\""
0 0 24 3 4 #"] ))"
0 0 24 29 1 #"\n"
0 0 24 29 1 #"\n"
0 0 24 29 1 #"\n"
0 0 24 3 1 #"("
0 0 15 3 6 #"define"
0 0 24 3 1 #" "
0 0 14 3 6 #"genero"
0 0 24 3 2 #" ("
0 0 14 3 3 #"new"
0 0 24 3 1 #" "
0 0 14 3 12 #"combo-field%"
0 0 24 29 1 #"\n"
0 0 24 3 26 #"                         ("
0 0 14 3 5 #"label"
0 0 24 3 1 #" "
0 0 19 3 1 #"\""
0 0 19 3 25 #"G\303\251nero                  "
0 0 19 3 1 #"\""
0 0 24 3 1 #")"
0 0 24 29 1 #"\n"
0 0 24 3 26 #"                         ("
0 0 14 3 6 #"parent"
0 0 24 3 1 #" "
0 0 14 3 8 #"RegMenor"
0 0 24 3 1 #")"
0 0 24 29 1 #"\n"
0 0 24 3 26 #"                         ("
0 0 14 3 7 #"choices"
0 0 24 3 1 #" "
0 0 21 3 1 #"'"
0 0 24 3 1 #"("
0 0 19 3 10 #"\"Masculino"
0 0 19 3 1 #"\""
0 0 24 3 1 #" "
0 0 19 3 9 #"\"Femenino"
0 0 19 3 1 #"\""
0 0 24 3 2 #"))"
0 0 24 29 1 #"\n"
0 0 24 3 26 #"                         ("
0 0 14 3 10 #"init-value"
0 0 24 3 1 #" "
0 0 19 3 10 #"\"Masculino"
0 0 19 3 1 #"\""
0 0 24 3 3 #")))"
0 0 24 29 1 #"\n"
0 0 24 29 1 #"\n"
0 0 24 3 1 #"("
0 0 15 3 6 #"define"
0 0 24 3 1 #" "
0 0 14 3 5 #"panel"
0 0 24 3 2 #" ("
0 0 14 3 3 #"new"
0 0 24 3 1 #" "
0 0 14 3 17 #"horizontal-panel%"
0 0 24 3 2 #" ["
0 0 14 3 6 #"parent"
0 0 24 3 1 #" "
0 0 14 3 8 #"RegMenor"
0 0 24 3 1 #"]"
0 0 24 29 1 #"\n"
0 0 24 3 38 #"                                     ["
0 0 14 3 9 #"alignment"
0 0 24 3 1 #" "
0 0 21 3 1 #"'"
0 0 24 3 1 #"("
0 0 14 3 6 #"center"
0 0 24 3 1 #" "
0 0 14 3 6 #"center"
0 0 24 3 4 #")]))"
0 0 24 29 1 #"\n"
0 0 24 29 1 #"\n"
0 0 24 3 1 #"("
0 0 14 3 3 #"new"
0 0 24 3 1 #" "
0 0 14 3 7 #"button%"
0 0 24 3 2 #" ["
0 0 14 3 6 #"parent"
0 0 24 3 1 #" "
0 0 14 3 5 #"panel"
0 0 24 3 3 #"] ["
0 0 14 3 5 #"label"
0 0 24 3 1 #" "
0 0 19 3 9 #"\"Cancelar"
0 0 19 3 1 #"\""
0 0 24 3 2 #"]["
0 0 14 3 8 #"callback"
0 0 24 3 2 #" ("
0 0 15 3 6 #"lambda"
0 0 24 3 2 #" ("
0 0 14 3 6 #"button"
0 0 24 3 1 #" "
0 0 14 3 5 #"event"
0 0 24 3 3 #") ("
0 0 14 3 4 #"send"
0 0 24 3 1 #" "
0 0 14 3 6 #"panel1"
0 0 24 3 1 #" "
0 0 14 3 4 #"show"
0 0 24 3 1 #" "
0 0 21 3 2 #"#f"
0 0 24 3 4 #"))])"
0 0 24 29 1 #"\n"
0 0 24 3 1 #"("
0 0 14 3 3 #"new"
0 0 24 3 1 #" "
0 0 14 3 7 #"button%"
0 0 24 3 2 #" ["
0 0 14 3 6 #"parent"
0 0 24 3 1 #" "
0 0 14 3 5 #"panel"
0 0 24 3 3 #"] ["
0 0 14 3 5 #"label"
0 0 24 3 1 #" "
0 0 19 3 10 #"\"Registrar"
0 0 19 3 1 #"\""
0 0 24 3 2 #"]["
0 0 14 3 8 #"callback"
0 0 24 3 2 #" ("
0 0 15 3 6 #"lambda"
0 0 24 3 2 #" ("
0 0 14 3 6 #"button"
0 0 24 3 1 #" "
0 0 14 3 5 #"event"
0 0 24 3 1 #")"
0 0 24 29 1 #"\n"
0 0 24 3 29 #"                           ( "
0 0 14 3 23 #"preparar_llamado_insert"
0 0 24 3 1 #")"
0 0 24 29 1 #"\n"
0 0 24 3 49 #"                                              )])"
0 0 24 29 1 #"\n"
0 0 24 3 1 #"("
0 0 15 3 6 #"define"
0 0 24 3 2 #" ("
0 0 14 3 23 #"preparar_llamado_insert"
0 0 24 3 1 #")"
0 0 24 29 1 #"\n"
0 0 24 3 3 #"  ("
0 0 14 3 17 #"registrar_infante"
0 0 24 29 1 #"\n"
0 0 24 3 3 #"  ("
0 0 14 3 14 #"string->number"
0 0 24 3 1 #"("
0 0 14 3 4 #"send"
0 0 24 3 1 #" "
0 0 14 3 6 #"numReg"
0 0 24 3 1 #" "
0 0 14 3 9 #"get-value"
0 0 24 3 4 #")) ("
0 0 14 3 13 #"string-append"
0 0 24 3 1 #" "
0 0 19 3 2 #"\"'"
0 0 19 3 1 #"\""
0 0 24 3 2 #" ("
0 0 14 3 4 #"send"
0 0 24 3 1 #" "
0 0 14 3 6 #"nombre"
0 0 24 3 1 #" "
0 0 14 3 9 #"get-value"
0 0 24 3 2 #") "
0 0 19 3 2 #"\"'"
0 0 19 3 1 #"\""
0 0 24 3 1 #")"
0 0 24 29 1 #"\n"
0 0 24 3 3 #"  ("
0 0 14 3 13 #"string-append"
0 0 24 3 1 #" "
0 0 19 3 2 #"\"'"
0 0 19 3 1 #"\""
0 0 24 3 2 #" ("
0 0 14 3 4 #"send"
0 0 24 3 1 #" "
0 0 14 3 8 #"apellido"
0 0 24 3 1 #" "
0 0 14 3 9 #"get-value"
0 0 24 3 2 #") "
0 0 19 3 2 #"\"'"
0 0 19 3 1 #"\""
0 0 24 3 3 #") ("
0 0 14 3 13 #"string-append"
0 0 24 3 1 #" "
0 0 19 3 2 #"\"'"
0 0 19 3 1 #"\""
0 0 24 3 1 #"("
0 0 14 3 4 #"send"
0 0 24 3 1 #" "
0 0 14 3 6 #"genero"
0 0 24 3 1 #" "
0 0 14 3 9 #"get-value"
0 0 24 3 2 #") "
0 0 19 3 2 #"\"'"
0 0 19 3 1 #"\""
0 0 24 3 1 #")"
0 0 24 29 1 #"\n"
0 0 24 3 3 #"  ("
0 0 14 3 13 #"string-append"
0 0 24 3 1 #" "
0 0 19 3 2 #"\"'"
0 0 19 3 1 #"\""
0 0 24 3 2 #" ("
0 0 14 3 4 #"send"
0 0 24 3 1 #" "
0 0 14 3 8 #"nombrePa"
0 0 24 3 1 #" "
0 0 14 3 9 #"get-value"
0 0 24 3 2 #") "
0 0 19 3 2 #"\"'"
0 0 19 3 1 #"\""
0 0 24 3 3 #") ("
0 0 14 3 13 #"string-append"
0 0 24 3 1 #" "
0 0 19 3 2 #"\"'"
0 0 19 3 1 #"\""
0 0 24 3 2 #" ("
0 0 14 3 4 #"send"
0 0 24 3 1 #" "
0 0 14 3 8 #"nombreMa"
0 0 24 3 1 #" "
0 0 14 3 9 #"get-value"
0 0 24 3 2 #") "
0 0 19 3 2 #"\"'"
0 0 19 3 1 #"\""
0 0 24 3 1 #")"
0 0 24 29 1 #"\n"
0 0 24 3 3 #"  ("
0 0 14 3 13 #"string-append"
0 0 24 3 1 #" "
0 0 19 3 2 #"\"'"
0 0 19 3 1 #"\""
0 0 24 3 2 #" ("
0 0 14 3 4 #"send"
0 0 24 3 1 #" "
0 0 14 3 9 #"direccion"
0 0 24 3 1 #" "
0 0 14 3 9 #"get-value"
0 0 24 3 2 #") "
0 0 19 3 2 #"\"'"
0 0 19 3 1 #"\""
0 0 24 3 3 #") ("
0 0 14 3 13 #"string-append"
0 0 24 3 1 #" "
0 0 19 3 2 #"\"'"
0 0 19 3 1 #"\""
0 0 24 3 2 #" ("
0 0 14 3 4 #"send"
0 0 24 3 1 #" "
0 0 14 3 8 #"fechaNac"
0 0 24 3 1 #" "
0 0 14 3 9 #"get-value"
0 0 24 3 2 #") "
0 0 19 3 2 #"\"'"
0 0 19 3 1 #"\""
0 0 24 3 1 #")"
0 0 24 29 1 #"\n"
0 0 24 3 3 #"  ("
0 0 14 3 13 #"string-append"
0 0 24 3 1 #" "
0 0 19 3 2 #"\"'"
0 0 19 3 1 #"\""
0 0 24 3 2 #" ("
0 0 14 3 4 #"send"
0 0 24 3 1 #" "
0 0 14 3 13 #"fechaRegistro"
0 0 24 3 1 #" "
0 0 14 3 9 #"get-value"
0 0 24 3 2 #") "
0 0 19 3 2 #"\"'"
0 0 19 3 1 #"\""
0 0 24 3 3 #") ("
0 0 14 3 4 #"send"
0 0 24 3 1 #" "
0 0 14 3 8 #"telefono"
0 0 24 3 1 #" "
0 0 14 3 9 #"get-value"
0 0 24 3 1 #")"
0 0 24 29 1 #"\n"
0 0 24 3 3 #"  ("
0 0 14 3 13 #"string-append"
0 0 24 3 1 #" "
0 0 19 3 2 #"\"'"
0 0 19 3 1 #"\""
0 0 24 3 2 #" ("
0 0 14 3 4 #"send"
0 0 24 3 1 #" "
0 0 14 3 9 #"poblacion"
0 0 24 3 1 #" "
0 0 14 3 9 #"get-value"
0 0 24 3 2 #") "
0 0 19 3 2 #"\"'"
0 0 19 3 1 #"\""
0 0 24 3 3 #")))"
0 0 24 29 1 #"\n"
0 0 24 29 1 #"\n"
0 0 24 3 1 #"("
0 0 14 3 4 #"send"
0 0 24 3 1 #" "
0 0 14 3 8 #"RegMenor"
0 0 24 3 1 #" "
0 0 14 3 4 #"show"
0 0 24 3 1 #" "
0 0 21 3 2 #"#f"
0 0 24 3 1 #")"
0 0 24 29 1 #"\n"
0 0 24 29 1 #"\n"
0 0 24 29 1 #"\n"
0 0 24 29 1 #"\n"
0 0 17 3 73
(
 #";==================================================================="
 #"====="
) 0 0 24 29 1 #"\n"
0 0 17 3 37 #";Ventana mostrar informacion de menor"
0 0 24 29 1 #"\n"
0 0 24 3 1 #"("
0 0 15 3 6 #"define"
0 0 24 3 1 #" "
0 0 14 3 16 #"ventanaInfoMenor"
0 0 24 3 2 #" ("
0 0 14 3 3 #"new"
0 0 24 3 1 #" "
0 0 14 3 7 #"dialog%"
0 0 24 29 1 #"\n"
0 0 24 3 31 #"                              ["
0 0 14 3 5 #"label"
0 0 24 3 1 #" "
0 0 19 3 1 #"\""
0 0 19 3 10 #"Calendario"
0 0 19 3 11 #" Vacunacion"
0 0 19 3 1 #"\""
0 0 24 3 1 #"]"
0 0 24 29 1 #"\n"
0 0 24 3 32 #"                              ))"
0 0 24 29 1 #"\n"
0 0 17 3 58
#"#|(define numR (new combo-field% [parent ventanaInfoMenor]"
0 0 17 29 1 #"\n"
0 0 17 3 26 #"                  [label \""
0 0 17 3 6 #"Numero"
0 0 17 3 1 #" "
0 0 17 3 8 #"Registro"
0 0 17 3 1 #" "
0 0 17 3 5 #"Civil"
0 0 17 3 2 #"\"]"
0 0 17 29 1 #"\n"
0 0 17 3 30 #"                  [choices '(\""
0 0 17 3 1 #"1"
0 0 17 3 3 #"\" \""
0 0 17 3 1 #"2"
0 0 17 3 3 #"\" \""
0 0 17 3 1 #"3"
0 0 17 3 4 #"\") ]"
0 0 17 29 1 #"\n"
0 0 17 3 34 #"                  [vert-margin 10]"
0 0 17 29 1 #"\n"
0 0 17 3 35 #"                  [horiz-margin 50]"
0 0 17 29 1 #"\n"
0 0 17 3 33 #"                  [min-width 150]"
0 0 17 29 1 #"\n"
0 0 17 3 20 #"                  ))"
0 0 17 29 1 #"\n"
0 0 17 3 2 #"|#"
0 0 24 29 1 #"\n"
0 0 24 3 1 #"("
0 0 15 3 6 #"define"
0 0 24 3 1 #" "
0 0 14 3 4 #"numR"
0 0 24 3 1 #"("
0 0 14 3 3 #"new"
0 0 24 3 1 #" "
0 0 14 3 11 #"text-field%"
0 0 24 3 2 #" ["
0 0 14 3 6 #"parent"
0 0 24 3 1 #" "
0 0 14 3 16 #"ventanaInfoMenor"
0 0 24 3 1 #"]"
0 0 24 29 1 #"\n"
0 0 24 3 18 #"                 ["
0 0 14 3 5 #"label"
0 0 24 3 1 #" "
0 0 19 3 1 #"\""
0 0 19 3 6 #"Numero"
0 0 19 3 1 #" "
0 0 19 3 8 #"registro"
0 0 19 3 6 #" civil"
0 0 19 3 1 #"\""
0 0 24 3 3 #"]))"
0 0 24 29 1 #"\n"
0 0 24 3 1 #"("
0 0 15 3 6 #"define"
0 0 24 3 1 #" "
0 0 14 3 11 #"informacion"
0 0 24 3 1 #" "
0 0 19 3 2 #"\" "
0 0 19 3 1 #"N"
0 0 19 3 1 #" "
0 0 19 3 8 #"Registro"
0 0 19 3 1 #" "
0 0 19 3 7 #"civil\\t"
0 0 19 3 4 #"    "
0 0 19 3 9 #"Nombres\\t"
0 0 19 3 4 #"    "
0 0 19 3 11 #"Apellidos\\t"
0 0 19 3 5 #"     "
0 0 19 3 11 #"Acudiente\\t"
0 0 19 3 6 #"      "
0 0 19 3 11 #"Direccion\\t"
0 0 19 3 8 #"        "
0 0 19 3 8 #"Genero\\t"
0 0 19 3 10 #"          "
0 0 19 3 9 #"poblacion"
0 0 19 3 3 #" \\n"
0 0 19 3 1 #"\""
0 0 24 3 1 #")"
0 0 24 29 1 #"\n"
0 0 24 3 1 #"("
0 0 15 3 6 #"define"
0 0 24 3 1 #" "
0 0 14 3 12 #"txtInfoMenor"
0 0 24 3 2 #" ("
0 0 14 3 3 #"new"
0 0 24 3 1 #" "
0 0 14 3 11 #"text-field%"
0 0 24 29 1 #"\n"
0 0 24 3 24 #"                       ["
0 0 14 3 5 #"label"
0 0 24 3 1 #" "
0 0 19 3 2 #"\"\""
0 0 24 3 1 #"]"
0 0 24 29 1 #"\n"
0 0 24 3 24 #"                       ["
0 0 14 3 10 #"init-value"
0 0 24 3 1 #" "
0 0 14 3 11 #"informacion"
0 0 24 3 1 #"]"
0 0 24 29 1 #"\n"
0 0 24 3 24 #"                       ["
0 0 14 3 11 #"vert-margin"
0 0 24 3 1 #" "
0 0 21 3 2 #"50"
0 0 24 3 1 #"]"
0 0 24 29 1 #"\n"
0 0 24 3 24 #"                       ["
0 0 14 3 10 #"min-height"
0 0 24 3 1 #" "
0 0 21 3 3 #"250"
0 0 24 3 1 #"]"
0 0 24 29 1 #"\n"
0 0 24 3 24 #"                       ["
0 0 14 3 9 #"min-width"
0 0 24 3 1 #" "
0 0 21 3 3 #"800"
0 0 24 3 1 #"]"
0 0 24 29 1 #"\n"
0 0 24 3 24 #"                       ["
0 0 14 3 6 #"parent"
0 0 24 3 1 #" "
0 0 14 3 16 #"ventanaInfoMenor"
0 0 24 3 1 #"]"
0 0 24 29 1 #"\n"
0 0 24 3 24 #"                       ["
0 0 14 3 5 #"style"
0 0 24 3 2 #" ("
0 0 14 3 4 #"list"
0 0 24 3 1 #" "
0 0 21 3 1 #"'"
0 0 14 3 8 #"multiple"
0 0 24 3 2 #")]"
0 0 24 29 1 #"\n"
0 0 24 3 24 #"                       ["
0 0 14 3 8 #"callback"
0 0 24 3 2 #" ("
0 0 15 3 6 #"lambda"
0 0 24 3 2 #" ("
0 0 14 3 6 #"button"
0 0 24 3 1 #" "
0 0 14 3 5 #"event"
0 0 24 3 1 #")"
0 0 24 29 1 #"\n"
0 0 24 3 36 #"                                   ("
0 0 14 3 4 #"send"
0 0 24 3 1 #" "
0 0 14 3 16 #"ventanaInfoMenor"
0 0 24 3 1 #" "
0 0 14 3 4 #"show"
0 0 24 3 1 #" "
0 0 21 3 2 #"#t"
0 0 24 3 3 #"))]"
0 0 24 29 1 #"\n"
0 0 24 3 25 #"                       ))"
0 0 24 29 1 #"\n"
0 0 24 29 1 #"\n"
0 0 24 3 1 #"("
0 0 15 3 6 #"define"
0 0 24 3 1 #" "
0 0 14 3 5 #"regis"
0 0 24 3 1 #" "
0 0 19 3 2 #"\"\""
0 0 24 3 1 #")"
0 0 24 29 1 #"\n"
0 0 24 3 1 #"("
0 0 15 3 6 #"define"
0 0 24 3 1 #" "
0 0 14 3 13 #"primerNombreM"
0 0 24 3 1 #" "
0 0 19 3 2 #"\"\""
0 0 24 3 1 #")"
0 0 24 29 1 #"\n"
0 0 24 3 1 #"("
0 0 15 3 6 #"define"
0 0 24 3 1 #" "
0 0 14 3 14 #"segundoNombreM"
0 0 24 3 1 #" "
0 0 19 3 2 #"\"\""
0 0 24 3 1 #")"
0 0 24 29 1 #"\n"
0 0 24 3 1 #"("
0 0 15 3 6 #"define"
0 0 24 3 1 #" "
0 0 14 3 15 #"primerApellidoM"
0 0 24 3 1 #" "
0 0 19 3 2 #"\"\""
0 0 24 3 1 #")"
0 0 24 29 1 #"\n"
0 0 24 3 1 #"("
0 0 15 3 6 #"define"
0 0 24 3 1 #" "
0 0 14 3 16 #"segundoApellidoM"
0 0 24 3 1 #" "
0 0 19 3 2 #"\"\""
0 0 24 3 1 #")"
0 0 24 29 1 #"\n"
0 0 24 3 1 #"("
0 0 15 3 6 #"define"
0 0 24 3 1 #" "
0 0 14 3 16 #"nombreAcudienteM"
0 0 24 3 1 #" "
0 0 19 3 2 #"\"\""
0 0 24 3 1 #")"
0 0 24 29 1 #"\n"
0 0 24 3 1 #"("
0 0 15 3 6 #"define"
0 0 24 3 1 #" "
0 0 14 3 10 #"direccionM"
0 0 24 3 1 #" "
0 0 19 3 2 #"\"\""
0 0 24 3 1 #")"
0 0 24 29 1 #"\n"
0 0 24 3 1 #"("
0 0 15 3 6 #"define"
0 0 24 3 1 #" "
0 0 14 3 7 #"generoM"
0 0 24 3 1 #" "
0 0 19 3 2 #"\"\""
0 0 24 3 1 #")"
0 0 24 29 1 #"\n"
0 0 24 3 1 #"("
0 0 15 3 6 #"define"
0 0 24 3 1 #" "
0 0 14 3 10 #"poblacionM"
0 0 24 3 1 #" "
0 0 19 3 2 #"\"\""
0 0 24 3 1 #")"
0 0 24 29 1 #"\n"
0 0 24 3 1 #"("
0 0 15 3 6 #"define"
0 0 24 3 1 #" "
0 0 14 3 23 #"btn-mostrar-informacion"
0 0 24 3 2 #" ("
0 0 14 3 3 #"new"
0 0 24 3 1 #" "
0 0 14 3 7 #"button%"
0 0 24 3 2 #" ["
0 0 14 3 6 #"parent"
0 0 24 3 1 #" "
0 0 14 3 16 #"ventanaInfoMenor"
0 0 24 3 1 #"]"
0 0 24 29 1 #"\n"
0 0 24 3 38 #"                                     ["
0 0 14 3 5 #"label"
0 0 24 3 1 #" "
0 0 19 3 1 #"\""
0 0 19 3 6 #"cargar"
0 0 19 3 6 #" datos"
0 0 19 3 1 #"\""
0 0 24 3 1 #"]"
0 0 24 29 1 #"\n"
0 0 24 3 38 #"                                     ["
0 0 14 3 8 #"callback"
0 0 24 3 2 #" ("
0 0 15 3 6 #"lambda"
0 0 24 3 2 #" ("
0 0 14 3 6 #"button"
0 0 24 3 1 #" "
0 0 14 3 5 #"event"
0 0 24 3 1 #")"
0 0 24 29 1 #"\n"
0 0 24 3 50 #"                                                 ("
0 0 14 3 4 #"set!"
0 0 24 3 1 #" "
0 0 14 3 5 #"regis"
0 0 24 3 2 #" ("
0 0 14 3 4 #"send"
0 0 24 3 1 #" "
0 0 14 3 4 #"numR"
0 0 24 3 1 #" "
0 0 14 3 9 #"get-value"
0 0 24 3 2 #"))"
0 0 24 29 1 #"\n"
0 0 24 3 50 #"                                                 ("
0 0 14 3 4 #"set!"
0 0 24 3 1 #" "
0 0 14 3 13 #"primerNombreM"
0 0 24 3 2 #" ("
0 0 14 3 14 #"vector->values"
0 0 24 3 2 #" ("
0 0 14 3 3 #"car"
0 0 24 3 1 #"("
0 0 14 3 10 #"query-rows"
0 0 24 3 1 #" "
0 0 14 3 5 #"mysql"
0 0 24 3 2 #" ("
0 0 14 3 13 #"string-append"
0 0 24 3 1 #" "
0 0 19 3 1 #"\""
0 0 19 3 6 #"SELECT"
0 0 19 3 1 #" "
0 0 19 3 1 #"`"
0 0 19 3 12 #"primerNombre"
0 0 19 3 1 #"`"
0 0 19 3 1 #" "
0 0 19 3 4 #"FROM"
0 0 19 3 1 #" "
0 0 19 3 1 #"`"
0 0 19 3 5 #"menor"
0 0 19 3 1 #"`"
0 0 19 3 1 #" "
0 0 19 3 5 #"WHERE"
0 0 19 3 1 #" "
0 0 19 3 13 #"registroCivil"
0 0 19 3 3 #" =1"
0 0 19 3 1 #"\""
0 0 24 3 5 #")))))"
0 0 24 29 1 #"\n"
0 0 24 3 50 #"                                                 ("
0 0 14 3 4 #"set!"
0 0 24 3 1 #" "
0 0 14 3 14 #"segundoNombreM"
0 0 24 3 2 #" ("
0 0 14 3 14 #"vector->values"
0 0 24 3 2 #" ("
0 0 14 3 3 #"car"
0 0 24 3 1 #"("
0 0 14 3 10 #"query-rows"
0 0 24 3 1 #" "
0 0 14 3 5 #"mysql"
0 0 24 3 2 #" ("
0 0 14 3 13 #"string-append"
0 0 24 3 1 #" "
0 0 19 3 1 #"\""
0 0 19 3 6 #"SELECT"
0 0 19 3 1 #" "
0 0 19 3 1 #"`"
0 0 19 3 13 #"segundoNombre"
0 0 19 3 1 #"`"
0 0 19 3 1 #" "
0 0 19 3 4 #"FROM"
0 0 19 3 2 #" `"
0 0 19 3 5 #"menor"
0 0 19 3 1 #"`"
0 0 19 3 1 #" "
0 0 19 3 5 #"WHERE"
0 0 19 3 1 #" "
0 0 19 3 13 #"registroCivil"
0 0 19 3 3 #" =1"
0 0 19 3 1 #"\""
0 0 24 3 5 #")))))"
0 0 24 29 1 #"\n"
0 0 24 3 50 #"                                                 ("
0 0 14 3 4 #"set!"
0 0 24 3 1 #" "
0 0 14 3 15 #"primerApellidoM"
0 0 24 3 2 #" ("
0 0 14 3 14 #"vector->values"
0 0 24 3 2 #" ("
0 0 14 3 3 #"car"
0 0 24 3 1 #"("
0 0 14 3 10 #"query-rows"
0 0 24 3 1 #" "
0 0 14 3 5 #"mysql"
0 0 24 3 2 #" ("
0 0 14 3 13 #"string-append"
0 0 24 3 1 #" "
0 0 19 3 1 #"\""
0 0 19 3 6 #"SELECT"
0 0 19 3 1 #" "
0 0 19 3 1 #"`"
0 0 19 3 14 #"primerApellido"
0 0 19 3 1 #"`"
0 0 19 3 1 #" "
0 0 19 3 4 #"FROM"
0 0 19 3 1 #" "
0 0 19 3 1 #"`"
0 0 19 3 5 #"menor"
0 0 19 3 1 #"`"
0 0 19 3 1 #" "
0 0 19 3 5 #"WHERE"
0 0 19 3 1 #" "
0 0 19 3 13 #"registroCivil"
0 0 19 3 3 #" =1"
0 0 19 3 1 #"\""
0 0 24 3 5 #")))))"
0 0 24 29 1 #"\n"
0 0 24 3 50 #"                                                 ("
0 0 14 3 4 #"set!"
0 0 24 3 1 #" "
0 0 14 3 16 #"segundoApellidoM"
0 0 24 3 2 #" ("
0 0 14 3 14 #"vector->values"
0 0 24 3 2 #" ("
0 0 14 3 3 #"car"
0 0 24 3 1 #"("
0 0 14 3 10 #"query-rows"
0 0 24 3 1 #" "
0 0 14 3 5 #"mysql"
0 0 24 3 2 #" ("
0 0 14 3 13 #"string-append"
0 0 24 3 1 #" "
0 0 19 3 1 #"\""
0 0 19 3 6 #"SELECT"
0 0 19 3 1 #" "
0 0 19 3 1 #"`"
0 0 19 3 15 #"segundoApellido"
0 0 19 3 1 #"`"
0 0 19 3 1 #" "
0 0 19 3 4 #"FROM"
0 0 19 3 1 #" "
0 0 19 3 1 #"`"
0 0 19 3 5 #"menor"
0 0 19 3 1 #"`"
0 0 19 3 1 #" "
0 0 19 3 5 #"WHERE"
0 0 19 3 1 #" "
0 0 19 3 13 #"registroCivil"
0 0 19 3 3 #" =1"
0 0 19 3 1 #"\""
0 0 24 3 5 #")))))"
0 0 24 29 1 #"\n"
0 0 24 3 50 #"                                                 ("
0 0 14 3 4 #"set!"
0 0 24 3 1 #" "
0 0 14 3 10 #"direccionM"
0 0 24 3 2 #" ("
0 0 14 3 14 #"vector->values"
0 0 24 3 2 #" ("
0 0 14 3 3 #"car"
0 0 24 3 1 #"("
0 0 14 3 10 #"query-rows"
0 0 24 3 1 #" "
0 0 14 3 5 #"mysql"
0 0 24 3 2 #" ("
0 0 14 3 13 #"string-append"
0 0 19 3 1 #"\""
0 0 19 3 6 #"SELECT"
0 0 19 3 1 #" "
0 0 19 3 9 #"direccion"
0 0 19 3 1 #" "
0 0 19 3 4 #"FROM"
0 0 19 3 1 #" "
0 0 19 3 1 #"`"
0 0 19 3 5 #"menor"
0 0 19 3 1 #"`"
0 0 19 3 1 #" "
0 0 19 3 5 #"WHERE"
0 0 19 3 1 #" "
0 0 19 3 13 #"registroCivil"
0 0 19 3 1 #" "
0 0 19 3 1 #"="
0 0 19 3 1 #" "
0 0 19 3 2 #"1 "
0 0 19 3 1 #"\""
0 0 24 3 5 #")))))"
0 0 24 29 1 #"\n"
0 0 24 3 50 #"                                                 ("
0 0 14 3 4 #"set!"
0 0 24 3 1 #" "
0 0 14 3 16 #"nombreAcudienteM"
0 0 24 3 2 #" ("
0 0 14 3 14 #"vector->values"
0 0 24 3 2 #" ("
0 0 14 3 3 #"car"
0 0 24 3 1 #"("
0 0 14 3 10 #"query-rows"
0 0 24 3 1 #" "
0 0 14 3 5 #"mysql"
0 0 24 3 2 #" ("
0 0 14 3 13 #"string-append"
0 0 19 3 1 #"\""
0 0 19 3 6 #"SELECT"
0 0 19 3 1 #" "
0 0 19 3 15 #"nombreAcudiente"
0 0 19 3 1 #" "
0 0 19 3 4 #"FROM"
0 0 19 3 1 #" "
0 0 19 3 1 #"`"
0 0 19 3 5 #"menor"
0 0 19 3 1 #"`"
0 0 19 3 1 #" "
0 0 19 3 5 #"WHERE"
0 0 19 3 1 #" "
0 0 19 3 13 #"registroCivil"
0 0 19 3 1 #" "
0 0 19 3 1 #"="
0 0 19 3 1 #" "
0 0 19 3 2 #"1 "
0 0 19 3 1 #"\""
0 0 24 3 5 #")))))"
0 0 24 29 1 #"\n"
0 0 24 3 50 #"                                                 ("
0 0 14 3 4 #"set!"
0 0 24 3 1 #" "
0 0 14 3 7 #"generoM"
0 0 24 3 2 #" ("
0 0 14 3 14 #"vector->values"
0 0 24 3 2 #" ("
0 0 14 3 3 #"car"
0 0 24 3 1 #"("
0 0 14 3 10 #"query-rows"
0 0 24 3 1 #" "
0 0 14 3 5 #"mysql"
0 0 24 3 2 #" ("
0 0 14 3 13 #"string-append"
0 0 19 3 1 #"\""
0 0 19 3 6 #"SELECT"
0 0 19 3 1 #" "
0 0 19 3 6 #"genero"
0 0 19 3 1 #" "
0 0 19 3 4 #"FROM"
0 0 19 3 1 #" "
0 0 19 3 1 #"`"
0 0 19 3 5 #"menor"
0 0 19 3 1 #"`"
0 0 19 3 1 #" "
0 0 19 3 5 #"WHERE"
0 0 19 3 1 #" "
0 0 19 3 13 #"registroCivil"
0 0 19 3 1 #" "
0 0 19 3 1 #"="
0 0 19 3 1 #" "
0 0 19 3 2 #"1 "
0 0 19 3 1 #"\""
0 0 24 3 5 #")))))"
0 0 24 29 1 #"\n"
0 0 24 3 50 #"                                                 ("
0 0 14 3 4 #"set!"
0 0 24 3 1 #" "
0 0 14 3 10 #"poblacionM"
0 0 24 3 2 #" ("
0 0 14 3 14 #"vector->values"
0 0 24 3 2 #" ("
0 0 14 3 3 #"car"
0 0 24 3 1 #"("
0 0 14 3 10 #"query-rows"
0 0 24 3 1 #" "
0 0 14 3 5 #"mysql"
0 0 24 3 2 #" ("
0 0 14 3 13 #"string-append"
0 0 19 3 1 #"\""
0 0 19 3 6 #"SELECT"
0 0 19 3 1 #" "
0 0 19 3 9 #"poblacion"
0 0 19 3 1 #" "
0 0 19 3 4 #"FROM"
0 0 19 3 1 #" "
0 0 19 3 1 #"`"
0 0 19 3 5 #"menor"
0 0 19 3 1 #"`"
0 0 19 3 1 #" "
0 0 19 3 5 #"WHERE"
0 0 19 3 1 #" "
0 0 19 3 13 #"registroCivil"
0 0 19 3 1 #" "
0 0 19 3 1 #"="
0 0 19 3 1 #" "
0 0 19 3 2 #"1 "
0 0 19 3 1 #"\""
0 0 24 3 5 #")))))"
0 0 24 29 1 #"\n"
0 0 24 3 50 #"                                                 ("
0 0 14 3 4 #"set!"
0 0 24 3 1 #" "
0 0 14 3 11 #"informacion"
0 0 24 3 2 #" ("
0 0 14 3 13 #"string-append"
0 0 24 3 1 #" "
0 0 19 3 1 #"\""
0 0 19 3 1 #"N"
0 0 19 3 1 #" "
0 0 19 3 8 #"Registro"
0 0 19 3 1 #" "
0 0 19 3 7 #"civil\\t"
0 0 19 3 4 #"    "
0 0 19 3 9 #"Nombres\\t"
0 0 19 3 4 #"    "
0 0 19 3 11 #"Apellidos\\t"
0 0 19 3 5 #"     "
0 0 19 3 11 #"Acudiente\\t"
0 0 19 3 6 #"      "
0 0 19 3 11 #"Direccion\\t"
0 0 19 3 8 #"        "
0 0 19 3 8 #"Genero\\t"
0 0 19 3 10 #"          "
0 0 19 3 9 #"poblacion"
0 0 19 3 1 #" "
0 0 19 3 12 #"\\n\\n        "
0 0 19 3 1 #"\""
0 0 14 3 5 #"regis"
0 0 19 3 5 #"\"\\t\\t"
0 0 19 3 1 #"\""
0 0 14 3 13 #"primerNombreM"
0 0 19 3 2 #"\"\""
0 0 14 3 14 #"segundoNombreM"
0 0 19 3 5 #"\"\\t\\t"
0 0 19 3 1 #"\""
0 0 14 3 15 #"primerApellidoM"
0 0 19 3 2 #"\"\""
0 0 14 3 16 #"segundoApellidoM"
0 0 19 3 5 #"\"\\t\\t"
0 0 19 3 1 #"\""
0 0 14 3 16 #"nombreAcudienteM"
0 0 19 3 5 #"\"\\t\\t"
0 0 19 3 1 #"\""
0 0 14 3 10 #"direccionM"
0 0 19 3 26 #"\"                         "
0 0 19 3 1 #"\""
0 0 14 3 7 #"generoM"
0 0 19 3 23 #"\"                      "
0 0 19 3 1 #"\""
0 0 14 3 10 #"poblacionM"
0 0 19 3 2 #"\"\""
0 0 24 3 2 #"))"
0 0 24 29 1 #"\n"
0 0 24 3 48 #"                                                "
0 0 24 29 1 #"\n"
0 0 24 3 50 #"                                                 ("
0 0 14 3 4 #"send"
0 0 24 3 1 #" "
0 0 14 3 12 #"txtInfoMenor"
0 0 24 3 1 #" "
0 0 14 3 9 #"set-value"
0 0 24 3 1 #" "
0 0 14 3 11 #"informacion"
0 0 24 3 5 #"))]))"
0 0 24 29 1 #"\n"
0 0 24 3 48 #"                                                "
0 0 24 3 1 #" "
0 0 24 29 1 #"\n"
0 0 24 29 1 #"\n"
0 0 24 29 1 #"\n"
0 0 24 29 1 #"\n"
0 0 24 29 1 #"\n"
0 0 24 29 1 #"\n"
0 0 24 29 1 #"\n"
0 0 24 29 1 #"\n"
0 0 24 29 1 #"\n"
0 0 24 29 1 #"\n"
0 0 17 3 23 #";(query-rows conexion \""
0 0 17 3 6 #"select"
0 0 17 3 1 #" "
0 0 17 3 1 #"*"
0 0 17 3 1 #" "
0 0 17 3 4 #"from"
0 0 17 3 1 #" "
0 0 17 3 7 #"menor\")"
0 0 24 29 1 #"\n"
0 0 24 3 1 #"("
0 0 15 3 6 #"define"
0 0 24 3 2 #" ("
0 0 14 3 6 #"cargar"
0 0 24 3 1 #" "
0 0 14 3 5 #"valor"
0 0 24 3 1 #")"
0 0 24 29 1 #"\n"
0 0 24 3 1 #"("
0 0 14 3 5 #"query"
0 0 24 3 1 #" "
0 0 14 3 5 #"mysql"
0 0 24 3 1 #" "
0 0 19 3 7 #"\"select"
0 0 19 3 1 #" "
0 0 19 3 1 #"*"
0 0 19 3 1 #" "
0 0 19 3 4 #"from"
0 0 19 3 1 #" "
0 0 19 3 7 #"infante"
0 0 19 3 1 #" "
0 0 19 3 5 #"where"
0 0 19 3 1 #" "
0 0 19 3 12 #"num_regcivil"
0 0 19 3 1 #" "
0 0 19 3 1 #"="
0 0 19 3 2 #" ?"
0 0 19 3 1 #"\""
0 0 24 3 1 #" "
0 0 14 3 5 #"valor"
0 0 24 3 2 #"))"
0 0 24 29 1 #"\n"
0 0 24 29 1 #"\n"
0 0 17 3 2 #"#|"
0 0 17 29 1 #"\n"
0 0 17 3 16 #";llenar caja act"
0 0 17 29 1 #"\n"
0 0 17 3 22 #"  (define (llenar a b)"
0 0 17 29 1 #"\n"
0 0 17 3 40 #"  (send direccion set-value (parsear b))"
0 0 17 29 1 #"\n"
0 0 17 3 3 #"  )"
0 0 17 29 1 #"\n"
0 0 17 3 2 #"|#"
0 0 24 29 1 #"\n"
0 0 24 29 1 #"\n"
0 0 17 3 24 #";Logica registrar Menor "
0 0 24 29 1 #"\n"
0 0 24 3 1 #"("
0 0 15 3 6 #"define"
0 0 24 3 2 #" ("
0 0 14 3 7 #"parsear"
0 0 24 3 1 #" "
0 0 14 3 4 #"dato"
0 0 24 3 1 #")"
0 0 24 29 1 #"\n"
0 0 24 3 3 #"  ("
0 0 14 3 2 #"if"
0 0 24 3 1 #"("
0 0 14 3 7 #"string?"
0 0 24 3 1 #" "
0 0 14 3 4 #"dato"
0 0 24 3 1 #")"
0 0 24 29 1 #"\n"
0 0 24 3 5 #"     "
0 0 14 3 4 #"dato"
0 0 24 29 1 #"\n"
0 0 24 3 6 #"     ("
0 0 14 3 14 #"number->string"
0 0 24 3 1 #" "
0 0 14 3 4 #"dato"
0 0 24 3 3 #")) "
0 0 24 29 1 #"\n"
0 0 24 3 1 #")"
0 0 24 29 1 #"\n"
0 0 24 29 1 #"\n"
0 0 24 29 1 #"\n"
0 0 24 3 1 #"("
0 0 14 3 4 #"send"
0 0 24 3 1 #" "
0 0 14 3 16 #"ventanaInfoMenor"
0 0 24 3 1 #" "
0 0 14 3 4 #"show"
0 0 24 3 1 #" "
0 0 21 3 2 #"#f"
0 0 24 3 1 #")"
0 0 24 29 1 #"\n"
0 0 24 3 1 #"("
0 0 14 3 4 #"send"
0 0 24 3 1 #" "
0 0 14 3 16 #"principalVentana"
0 0 24 3 1 #" "
0 0 14 3 4 #"show"
0 0 24 3 1 #" "
0 0 21 3 2 #"#t"
0 0 24 3 1 #")"
0 0 24 29 1 #"\n"
0 0 24 29 1 #"\n"
0 0 24 29 1 #"\n"
0 0 24 3 3 #"   "
0 0 24 29 1 #"\n"
0 0 17 3 1 #";"
0 0 24 29 1 #"\n"
0 0 17 3 2 #";("
0 0 17 3 6 #"define"
0 0 17 3 24 #" list-box (new list-box%"
0 0 24 29 1 #"\n"
0 0 17 3 29 #";                  [label \"\"]"
0 0 24 29 1 #"\n"
0 0 24 3 8 #"        "
0 0 17 3 25 #";          [choices '() ]"
0 0 24 29 1 #"\n"
0 0 24 3 7 #"       "
0 0 17 3 13 #";           ["
0 0 17 3 11 #"columns '(\""
0 0 17 3 2 #"Id"
0 0 17 3 3 #"\" \""
0 0 17 3 5 #"Fecha"
0 0 17 3 3 #"\" \""
0 0 17 3 14 #"Diagnostico\")]"
0 0 24 29 1 #"\n"
0 0 24 3 6 #"      "
0 0 17 3 30 #";            [parent RegMenor]"
0 0 24 29 1 #"\n"
0 0 24 3 5 #"     "
0 0 17 3 27 #";             [style (list "
0 0 24 29 1 #"\n"
0 0 24 3 4 #"    "
0 0 17 3 40 #";                      'variable-columns"
0 0 24 29 1 #"\n"
0 0 24 3 3 #"   "
0 0 17 3 31 #";                       'single"
0 0 24 29 1 #"\n"
0 0 24 3 2 #"  "
0 0 17 3 40 #";                        'column-headers"
0 0 24 29 1 #"\n"
0 0 24 3 1 #" "
0 0 17 3 44 #";                         'clickable-headers"
0 0 24 29 1 #"\n"
0 0 17 3 20 #";'vertical-label)]))"
0 0 24 29 1 #"\n"
0 0 24 29 1 #"\n"
0 0 24 29 1 #"\n"
0 0 24 29 1 #"\n"
0 0 24 29 1 #"\n"
0 0 24 29 1 #"\n"
0 0 24 29 1 #"\n"
0 0 24 3 1 #" "
0 0 24 29 1 #"\n"
0 0 24 29 1 #"\n"
0 0 24 29 1 #"\n"
0           0
